51
20
3
28
82
19
31
40
41
116
62
164
121
218
61
96
188
426
248
322
246
189
123
297
809
744
265
124
325
473
651
512
329
267
46
94
131
98
190
82
205
324
207
194
210
642
121
172
92
69
116
85
185
171
94
51
61
10
290
334
239
275
243
299
253
174
200
422
115
389
508
275
468
14
707
619
901
167
218
253
349
287
213
371
915
454
691
442
366
334
90
132
301
218
192
278
361
254
287
205
173
324
466
98
157
392
332
547
471
462
359
22
6
110
1166
16
0
509
28
19
16
28
5
31
55
15
32
96
35
21
205
178
51
85
132
375
311
167
173
201
212
264
441
839
196
336
331
410
331
507
186
236
223
276
125
85
95
68
625
335
403
252
338
37
104
128
167
329
301
95
93
135
54
35
16
280
352
398
653
416
244
233
231
394
169
258
254
473
214
581
22
675
565
524
639
707
383
289
666
570
519
722
597
777
427
157
154
231
326
437
465
423
315
226
417
218
394
526
101
190
274
49
435
483
618
613
38
3
73
956
28
13
354
1
0
