1.160000000000000000e+02 3.199000000000000000e+03 9.420000000000000000e+02 1.933000000000000000e+03 2.231000000000000000e+03 1.133000000000000000e+03 3.075000000000000000e+03
6.700000000000000000e+01 4.244000000000000000e+03 1.192000000000000000e+03 2.128000000000000000e+03 1.398000000000000000e+03 1.249000000000000000e+03 2.722000000000000000e+03
1.970000000000000000e+02 3.799000000000000000e+03 1.051000000000000000e+03 2.390000000000000000e+03 3.604000000000000000e+03 1.431000000000000000e+03 3.873000000000000000e+03
8.400000000000000000e+01 2.774000000000000000e+03 6.890000000000000000e+02 1.384000000000000000e+03 2.632000000000000000e+03 7.740000000000000000e+02 2.365000000000000000e+03
2.540000000000000000e+02 5.159000000000000000e+03 1.287000000000000000e+03 2.823000000000000000e+03 5.401000000000000000e+03 1.657000000000000000e+03 6.088000000000000000e+03
1.250000000000000000e+02 4.689000000000000000e+03 1.687000000000000000e+03 2.137000000000000000e+03 1.329000000000000000e+03 1.412000000000000000e+03 2.782000000000000000e+03
5.900000000000000000e+01 1.989000000000000000e+03 4.400000000000000000e+02 7.550000000000000000e+02 8.940000000000000000e+02 5.360000000000000000e+02 1.278000000000000000e+03
2.080000000000000000e+02 5.013000000000000000e+03 1.612000000000000000e+03 2.403000000000000000e+03 2.270000000000000000e+03 1.652000000000000000e+03 3.806000000000000000e+03
2.520000000000000000e+02 3.444000000000000000e+03 8.210000000000000000e+02 1.620000000000000000e+03 2.862000000000000000e+03 8.610000000000000000e+02 2.854000000000000000e+03
5.890000000000000000e+02 5.072000000000000000e+03 1.066000000000000000e+03 2.818000000000000000e+03 5.241000000000000000e+03 1.579000000000000000e+03 5.172000000000000000e+03
3.180000000000000000e+02 4.704000000000000000e+03 1.213000000000000000e+03 2.396000000000000000e+03 3.598000000000000000e+03 1.297000000000000000e+03 3.661000000000000000e+03
1.970000000000000000e+02 4.534000000000000000e+03 9.440000000000000000e+02 2.047000000000000000e+03 2.760000000000000000e+03 1.039000000000000000e+03 3.000000000000000000e+03
