6.000000000000000000e+01 3.332000000000000000e+03 7.350000000000000000e+02 1.604000000000000000e+03 1.554000000000000000e+03 9.450000000000000000e+02 2.503000000000000000e+03
6.600000000000000000e+01 2.778000000000000000e+03 4.520000000000000000e+02 1.184000000000000000e+03 1.883000000000000000e+03 7.960000000000000000e+02 2.498000000000000000e+03
7.400000000000000000e+01 4.019000000000000000e+03 7.620000000000000000e+02 1.858000000000000000e+03 3.396000000000000000e+03 1.318000000000000000e+03 4.288000000000000000e+03
1.160000000000000000e+02 2.843000000000000000e+03 5.020000000000000000e+02 1.372000000000000000e+03 3.297000000000000000e+03 1.096000000000000000e+03 4.098000000000000000e+03
7.600000000000000000e+01 3.203000000000000000e+03 9.760000000000000000e+02 1.755000000000000000e+03 2.095000000000000000e+03 1.311000000000000000e+03 3.474000000000000000e+03
6.800000000000000000e+01 2.531000000000000000e+03 4.780000000000000000e+02 9.350000000000000000e+02 8.260000000000000000e+02 6.050000000000000000e+02 1.454000000000000000e+03
7.900000000000000000e+01 4.977000000000000000e+03 1.253000000000000000e+03 2.397000000000000000e+03 1.969000000000000000e+03 1.601000000000000000e+03 3.434000000000000000e+03
6.140000000000000000e+02 8.314000000000000000e+03 1.340000000000000000e+03 3.355000000000000000e+03 9.107000000000000000e+03 2.216000000000000000e+03 8.980000000000000000e+03
4.890000000000000000e+02 5.625000000000000000e+03 1.056000000000000000e+03 2.074000000000000000e+03 4.459000000000000000e+03 1.576000000000000000e+03 5.890000000000000000e+03
5.290000000000000000e+02 5.834000000000000000e+03 1.186000000000000000e+03 2.040000000000000000e+03 3.369000000000000000e+03 1.234000000000000000e+03 4.900000000000000000e+03
