6.666666666666666574e-02 6.032412965186074311e-02 9.523809523809523281e-02 2.493765586034912829e-01 8.815958815958815920e-02 2.507936507936507908e-01 1.654015181781861854e-01
3.030303030303030387e-02 5.075593952483801324e-02 1.017699115044247843e-01 1.258445945945945998e-01 9.612320764737121437e-02 1.708542713567839100e-01 1.036829463570856646e-01
0.000000000000000000e+00 2.861408310525006063e-02 5.905511811023621965e-02 1.862217438105489842e-01 6.242638398115429865e-02 2.223065250379362701e-01 1.543843283582089498e-01
8.620689655172413673e-03 3.060147731269785565e-02 8.565737051792828016e-02 1.180758017492711393e-01 1.249620867455262380e-01 1.423357664233576569e-01 1.010248901903367524e-01
0.000000000000000000e+00 6.431470496409616433e-02 8.094262295081967873e-02 1.578347578347578384e-01 8.496420047732697323e-02 2.158657513348588852e-01 1.620610247553252725e-01
4.411764705882353227e-02 1.023310944290794083e-01 9.623430962343096362e-02 2.192513368983957101e-01 6.174334140435835255e-02 1.702479338842975143e-01 8.872077028885831662e-02
2.151898734177215278e-01 9.423347398030942901e-02 1.229050279329608891e-01 2.035878181059657954e-01 2.742508887760284481e-02 1.998750780762023616e-01 1.080372743156668564e-01
1.140065146579804546e-02 7.613663699783497496e-02 6.044776119402985037e-02 2.220566318926974758e-01 1.492258702097287726e-01 1.805054151624548853e-01 1.451002227171492298e-01
1.635991820040899949e-02 1.258666666666666545e-01 1.013257575757575690e-01 2.806171648987463851e-01 1.341107871720116640e-01 2.601522842639593658e-01 1.488964346349745393e-01
1.890359168241965981e-02 1.614672608844703594e-01 1.306913996627318830e-01 2.696078431372548878e-01 1.148708815672306316e-01 2.374392220421393807e-01 1.253061224489795955e-01
