2.586206896551724102e-02 3.688652703969990537e-02 2.441613588110403549e-02 1.976202793585100925e-01 1.039892424921559783e-01 1.827007943512797827e-01 2.819512195121950948e-01
5.970149253731343170e-02 1.050895381715362814e-01 2.340604026845637675e-01 2.561090225563909528e-01 3.218884120171673635e-02 2.241793434747798297e-01 1.109478324761205004e-01
7.106598984771574090e-02 2.711239799947354548e-02 4.281636536631779066e-02 1.234309623430962372e-01 5.271920088790232883e-02 1.551362683438155254e-01 2.099147947327653085e-01
7.142857142857142461e-02 5.948089401586156844e-02 7.547169811320754429e-02 1.647398843930635848e-01 9.992401215805471471e-02 1.589147286821705474e-01 1.353065539112050797e-01
3.937007874015747977e-03 3.372746656328745596e-02 3.729603729603729600e-02 1.470067304286220289e-01 8.609516756156267159e-02 1.484610742305371156e-01 1.205650459921156353e-01
3.200000000000000067e-02 1.317978246960972433e-01 1.813870776526378126e-01 2.152550304164716766e-01 4.740406320541760976e-02 2.322946175637393695e-01 1.283249460819554377e-01
1.694915254237288130e-02 8.295625942684765886e-02 1.295454545454545470e-01 2.543046357615894038e-01 8.501118568232662875e-02 2.406716417910447769e-01 1.510172143974960746e-01
2.884615384615384776e-02 5.186515060841811325e-02 9.367245657568237793e-02 1.880982105701206886e-01 5.110132158590308116e-02 1.319612590799031371e-01 1.308460325801366342e-01
7.936507936507936067e-03 1.234030197444831584e-01 3.410475030450670075e-02 3.061728395061728558e-01 1.823899371069182263e-01 2.404181184668989502e-01 1.948142957252978202e-01
2.546689303904923693e-02 8.399053627760252883e-02 2.908067542213883805e-02 2.058197303051809701e-01 1.385231825987406906e-01 1.317289423685877037e-01 1.465583913379737147e-01
9.433962264150943036e-03 1.332908163265306145e-01 7.666941467436108604e-02 3.171953255425709606e-01 1.106170094496942702e-01 1.626831148804934457e-01 1.423108440316853407e-01
2.538071065989847691e-02 2.119541243934715546e-01 1.144067796610169496e-01 3.248656570591109127e-01 7.681159420289855599e-02 2.088546679499518888e-01 1.049999999999999961e-01
